  2.0000000e-007  1.3733755e-001  1.4955834e+000
  2.0500000e-007 -5.4801807e-002  1.6311077e+000
  2.1000000e-007 -2.4034714e-001  1.7820031e+000
  2.1500000e-007 -4.1751063e-001  1.9485370e+000
  2.2000000e-007 -5.8414458e-001  2.1306953e+000
  2.2500000e-007 -7.3777996e-001  2.3280682e+000
  2.3000000e-007 -8.7569721e-001  2.5397278e+000
  2.3500000e-007 -9.9503860e-001  2.7641093e+000
  2.4000000e-007 -1.0929682e+000  2.9989098e+000
  2.4500000e-007 -1.1668802e+000  3.2410257e+000
  2.5000000e-007 -1.2146479e+000  3.4865507e+000
  2.5500000e-007 -1.2348915e+000  3.7308590e+000
  2.6000000e-007 -1.2272359e+000  3.9687852e+000
  2.6500000e-007 -1.1925142e+000  4.1949037e+000
  2.7000000e-007 -1.1328771e+000  4.4038883e+000
  2.7500000e-007 -1.0517728e+000  4.5909117e+000
  2.8000000e-007 -9.5378440e-001  4.7520312e+000
  2.8500000e-007 -8.4433642e-001  4.8845025e+000
  2.9000000e-007 -7.2930985e-001  4.9869731e+000
  2.9500000e-007 -6.1462096e-001  5.0595307e+000
  3.0000000e-007 -5.0582448e-001  5.1036092e+000
  3.0500000e-007 -4.0779042e-001  5.1217809e+000
  3.1000000e-007 -3.2448406e-001  5.1174781e+000
  3.1500000e-007 -2.5885582e-001  5.0946916e+000
  3.2000000e-007 -2.1282820e-001  5.0576869e+000
  3.2500000e-007 -1.8735498e-001  5.0107643e+000
  3.3000000e-007 -1.8252373e-001  4.9580763e+000
  3.3500000e-007 -1.9767457e-001  4.9035013e+000
  3.4000000e-007 -2.3151402e-001  4.8505655e+000
  3.4500000e-007 -2.8221000e-001  4.8023971e+000
  3.5000000e-007 -3.4746168e-001  4.7616968e+000
  3.5500000e-007 -4.2454430e-001  4.7307074e+000
  3.6000000e-007 -5.1033639e-001  4.7111654e+000
  3.6500000e-007 -6.0134297e-001  4.7042236e+000
  3.7000000e-007 -6.9373580e-001  4.7103349e+000
  3.7500000e-007 -7.8343859e-001  4.7290987e+000
  3.8000000e-007 -8.6628944e-001  4.7590869e+000
  3.8500000e-007 -9.3831003e-001  4.7976852e+000
  3.9000000e-007 -9.9609500e-001  4.8410116e+000
  3.9500000e-007 -1.0372993e+000  4.8839909e+000
  4.0000000e-007 -1.0611495e+000  4.9206591e+000
  4.0500000e-007 -1.0688484e+000  4.9447325e+000
  4.1000000e-007 -1.0637201e+000  4.9503868e+000
  4.1500000e-007 -1.0509760e+000  4.9330978e+000
  4.2000000e-007 -1.0370921e+000  4.8903235e+000
  4.2500000e-007 -1.0289240e+000  4.8218319e+000
  4.3000000e-007 -1.0327869e+000  4.7295872e+000
  4.3500000e-007 -1.0537294e+000  4.6172550e+000
  4.4000000e-007 -1.0951432e+000  4.4895016e+000
  4.4500000e-007 -1.1587212e+000  4.3512844e+000
  4.5000000e-007 -1.2446807e+000  4.2072833e+000
  4.5500000e-007 -1.3521250e+000  4.0615374e+000
  4.6000000e-007 -1.4794314e+000  3.9172802e+000
  4.6500000e-007 -1.6245922e+000  3.7769263e+000
  4.7000000e-007 -1.7854755e+000  3.6421517e+000
  4.7500000e-007 -1.9600024e+000  3.5140173e+000
  4.8000000e-007 -2.1462534e+000  3.3931031e+000
  4.8500000e-007 -2.3425203e+000  3.2796316e+000
  4.9000000e-007 -2.5473233e+000  3.1735716e+000
  4.9500000e-007 -2.7594045e+000  3.0747212e+000
  5.0000000e-007 -2.9777098e+000  2.9827706e+000
  5.0500000e-007 -3.2013655e+000  2.8973475e+000
  5.1000000e-007 -3.4296529e+000  2.8180500e+000
  5.1500000e-007 -3.6619848e+000  2.7444688e+000
  5.2000000e-007 -3.8978838e+000  2.6762016e+000
  5.2500000e-007 -4.1369631e+000  2.6128626e+000
  5.3000000e-007 -4.3789107e+000  2.5540877e+000
  5.3500000e-007 -4.6234755e+000  2.4995373e+000
  5.4000000e-007 -4.8704567e+000  2.4488970e+000
  5.4500000e-007 -5.1196936e+000  2.4018781e+000
  5.5000000e-007 -5.3710589e+000  2.3582157e+000
  5.5500000e-007 -5.6244517e+000  2.3176680e+000
  5.6000000e-007 -5.8797932e+000  2.2800147e+000
  5.6500000e-007 -6.1370218e+000  2.2450550e+000
  5.7000000e-007 -6.3960906e+000  2.2126063e+000
  5.7500000e-007 -6.6569640e+000  2.1825023e+000
  5.8000000e-007 -6.9196158e+000  2.1545916e+000
  5.8500000e-007 -7.1840274e+000  2.1287364e+000
  5.9000000e-007 -7.4501862e+000  2.1048113e+000
  5.9500000e-007 -7.7180846e+000  2.0827016e+000
  6.0000000e-007 -7.9877190e+000  2.0623029e+000
  6.0500000e-007 -8.2590889e+000  2.0435197e+000
  6.1000000e-007 -8.5321963e+000  2.0262645e+000
  6.1500000e-007 -8.8070451e+000  2.0104576e+000
  6.2000000e-007 -9.0836410e+000  1.9960255e+000
  6.2500000e-007 -9.3619908e+000  1.9829010e+000
  6.3000000e-007 -9.6421021e+000  1.9710224e+000
  6.3500000e-007 -9.9239834e+000  1.9603329e+000
  6.4000000e-007 -1.0207644e+001  1.9507802e+000
  6.4500000e-007 -1.0493092e+001  1.9423162e+000
  6.5000000e-007 -1.0780338e+001  1.9348965e+000
  6.5500000e-007 -1.1069392e+001  1.9284801e+000
  6.6000000e-007 -1.1360262e+001  1.9230292e+000
  6.6500000e-007 -1.1652960e+001  1.9185088e+000
  6.7000000e-007 -1.1947493e+001  1.9148866e+000
  6.7500000e-007 -1.2243873e+001  1.9121326e+000
  6.8000000e-007 -1.2542108e+001  1.9102191e+000
  6.8500000e-007 -1.2842207e+001  1.9091204e+000
  6.9000000e-007 -1.3144180e+001  1.9088128e+000
  6.9500000e-007 -1.3448034e+001  1.9092741e+000
  7.0000000e-007 -1.3753780e+001  1.9104838e+000
  7.0500000e-007 -1.4061425e+001  1.9124230e+000
  7.1000000e-007 -1.4370978e+001  1.9150740e+000
  7.1500000e-007 -1.4682446e+001  1.9184205e+000
  7.2000000e-007 -1.4995836e+001  1.9224473e+000
  7.2500000e-007 -1.5311158e+001  1.9271404e+000
  7.3000000e-007 -1.5628417e+001  1.9324868e+000
  7.3500000e-007 -1.5947621e+001  1.9384744e+000
  7.4000000e-007 -1.6268777e+001  1.9450919e+000
  7.4500000e-007 -1.6591892e+001  1.9523292e+000
  7.5000000e-007 -1.6916971e+001  1.9601766e+000
  7.5500000e-007 -1.7244021e+001  1.9686254e+000
  7.6000000e-007 -1.7573048e+001  1.9776674e+000
  7.6500000e-007 -1.7904059e+001  1.9872953e+000
  7.7000000e-007 -1.8237057e+001  1.9975021e+000
  7.7500000e-007 -1.8572050e+001  2.0082817e+000
  7.8000000e-007 -1.8909043e+001  2.0196283e+000
  7.8500000e-007 -1.9248040e+001  2.0315367e+000
  7.9000000e-007 -1.9589046e+001  2.0440024e+000
  7.9500000e-007 -1.9932067e+001  2.0570211e+000
  8.0000000e-007 -2.0277107e+001  2.0705890e+000
  8.0500000e-007 -2.0624171e+001  2.0847028e+000
  8.1000000e-007 -2.0973263e+001  2.0993597e+000
  8.1500000e-007 -2.1324386e+001  2.1145570e+000
  8.2000000e-007 -2.1677546e+001  2.1302927e+000
  8.2500000e-007 -2.2032747e+001  2.1465649e+000
  8.3000000e-007 -2.2389991e+001  2.1633722e+000
  8.3500000e-007 -2.2749283e+001  2.1807136e+000
  8.4000000e-007 -2.3110626e+001  2.1985881e+000
  8.4500000e-007 -2.3474024e+001  2.2169953e+000
  8.5000000e-007 -2.3839480e+001  2.2359351e+000
  8.5500000e-007 -2.4206997e+001  2.2554076e+000
  8.6000000e-007 -2.4576579e+001  2.2754131e+000
  8.6500000e-007 -2.4948227e+001  2.2959523e+000
  8.7000000e-007 -2.5321946e+001  2.3170262e+000
  8.7500000e-007 -2.5697737e+001  2.3386359e+000
  8.8000000e-007 -2.6075603e+001  2.3607829e+000
  8.8500000e-007 -2.6455547e+001  2.3834690e+000
  8.9000000e-007 -2.6837571e+001  2.4066960e+000
  8.9500000e-007 -2.7221678e+001  2.4304662e+000
  9.0000000e-007 -2.7607868e+001  2.4547819e+000
  9.0500000e-007 -2.7996145e+001  2.4796459e+000
  9.1000000e-007 -2.8386509e+001  2.5050611e+000
  9.1500000e-007 -2.8778964e+001  2.5310304e+000
  9.2000000e-007 -2.9173509e+001  2.5575574e+000
  9.2500000e-007 -2.9570148e+001  2.5846455e+000
  9.3000000e-007 -2.9968880e+001  2.6122985e+000
  9.3500000e-007 -3.0369708e+001  2.6405205e+000
  9.4000000e-007 -3.0772632e+001  2.6693157e+000
  9.4500000e-007 -3.1177653e+001  2.6986884e+000
  9.5000000e-007 -3.1584771e+001  2.7286433e+000
  9.5500000e-007 -3.1993988e+001  2.7591854e+000
  9.6000000e-007 -3.2405304e+001  2.7903196e+000
  9.6500000e-007 -3.2818718e+001  2.8220512e+000
  9.7000000e-007 -3.3234232e+001  2.8543857e+000
  9.7500000e-007 -3.3651844e+001  2.8873289e+000
  9.8000000e-007 -3.4071554e+001  2.9208866e+000
  9.8500000e-007 -3.4493363e+001  2.9550650e+000
  9.9000000e-007 -3.4917269e+001  2.9898703e+000
  9.9500000e-007 -3.5343271e+001  3.0253090e+000
  1.0000000e-006 -3.5771368e+001  3.0613880e+000
  1.0050000e-006 -3.6201559e+001  3.0981140e+000
  1.0100000e-006 -3.6633842e+001  3.1354943e+000
  1.0150000e-006 -3.7068215e+001  3.1735362e+000
  1.0200000e-006 -3.7504676e+001  3.2122471e+000
  1.0250000e-006 -3.7943222e+001  3.2516348e+000
  1.0300000e-006 -3.8383852e+001  3.2917072e+000
  1.0350000e-006 -3.8826561e+001  3.3324723e+000
  1.0400000e-006 -3.9271346e+001  3.3739384e+000
  1.0450000e-006 -3.9718204e+001  3.4161140e+000
  1.0500000e-006 -4.0167131e+001  3.4590077e+000
  1.0550000e-006 -4.0618123e+001  3.5026282e+000
  1.0600000e-006 -4.1071174e+001  3.5469846e+000
  1.0650000e-006 -4.1526279e+001  3.5920858e+000
  1.0700000e-006 -4.1983433e+001  3.6379412e+000
  1.0750000e-006 -4.2442630e+001  3.6845601e+000
  1.0800000e-006 -4.2903863e+001  3.7319520e+000
  1.0850000e-006 -4.3367126e+001  3.7801266e+000
  1.0900000e-006 -4.3832411e+001  3.8290935e+000
  1.0950000e-006 -4.4299710e+001  3.8788627e+000
  1.1000000e-006 -4.4769015e+001  3.9294438e+000
  1.1050000e-006 -4.5240317e+001  3.9808470e+000
  1.1100000e-006 -4.5713606e+001  4.0330821e+000
  1.1150000e-006 -4.6188872e+001  4.0861592e+000
  1.1200000e-006 -4.6666104e+001  4.1400883e+000
  1.1250000e-006 -4.7145291e+001  4.1948792e+000
  1.1300000e-006 -4.7626421e+001  4.2505420e+000
  1.1350000e-006 -4.8109481e+001  4.3070864e+000
  1.1400000e-006 -4.8594457e+001  4.3645221e+000
  1.1450000e-006 -4.9081336e+001  4.4228587e+000
  1.1500000e-006 -4.9570103e+001  4.4821055e+000
  1.1550000e-006 -5.0060741e+001  4.5422718e+000
  1.1600000e-006 -5.0553235e+001  4.6033663e+000
  1.1650000e-006 -5.1047566e+001  4.6653976e+000
  1.1700000e-006 -5.1543718e+001  4.7283740e+000
  1.1750000e-006 -5.2041670e+001  4.7923032e+000
  1.1800000e-006 -5.2541404e+001  4.8571927e+000
  1.1850000e-006 -5.3042898e+001  4.9230491e+000
  1.1900000e-006 -5.3546132e+001  4.9898787e+000
  1.1950000e-006 -5.4051082e+001  5.0576872e+000
  1.2000000e-006 -5.4557725e+001  5.1264794e+000
  1.2050000e-006 -5.5066037e+001  5.1962593e+000
  1.2100000e-006 -5.5575993e+001  5.2670303e+000
  1.2150000e-006 -5.6087567e+001  5.3387946e+000
  1.2200000e-006 -5.6600733e+001  5.4115534e+000
  1.2250000e-006 -5.7115463e+001  5.4853070e+000
  1.2300000e-006 -5.7631728e+001  5.5600543e+000
  1.2350000e-006 -5.8149499e+001  5.6357931e+000
  1.2400000e-006 -5.8668746e+001  5.7125197e+000
  1.2450000e-006 -5.9189439e+001  5.7902290e+000
  1.2500000e-006 -5.9711547e+001  5.8689143e+000
  1.2550000e-006 -6.0235038e+001  5.9485674e+000
  1.2600000e-006 -6.0759879e+001  6.0291782e+000
  1.2650000e-006 -6.1286038e+001  6.1107349e+000
  1.2700000e-006 -6.1813482e+001  6.1932237e+000
  1.2750000e-006 -6.2342178e+001  6.2766289e+000
  1.2800000e-006 -6.2872093e+001  6.3609326e+000
  1.2850000e-006 -6.3403193e+001  6.4461148e+000
  1.2900000e-006 -6.3935446e+001  6.5321533e+000
  1.2950000e-006 -6.4468818e+001  6.6190236e+000
  1.3000000e-006 -6.5003278e+001  6.7066988e+000
  1.3050000e-006 -6.5538794e+001  6.7951496e+000
  1.3100000e-006 -6.6075335e+001  6.8843443e+000
  1.3150000e-006 -6.6612871e+001  6.9742488e+000
  1.3200000e-006 -6.7151375e+001  7.0648266e+000
  1.3250000e-006 -6.7690818e+001  7.1560385e+000
  1.3300000e-006 -6.8231175e+001  7.2478431e+000
  1.3350000e-006 -6.8772424e+001  7.3401965e+000
  1.3400000e-006 -6.9314541e+001  7.4330527e+000
  1.3450000e-006 -6.9857508e+001  7.5263632e+000
  1.3500000e-006 -7.0401308e+001  7.6200776e+000
  1.3550000e-006 -7.0945927e+001  7.7141432e+000
  1.3600000e-006 -7.1491353e+001  7.8085059e+000
  1.3650000e-006 -7.2037579e+001  7.9031096e+000
  1.3700000e-006 -7.2584599e+001  7.9978967e+000
  1.3750000e-006 -7.3132413e+001  8.0928086e+000
  1.3800000e-006 -7.3681023e+001  8.1877856e+000
  1.3850000e-006 -7.4230434e+001  8.2827669e+000
  1.3900000e-006 -7.4780658e+001  8.3776918e+000
  1.3950000e-006 -7.5331707e+001  8.4724988e+000
  1.4000000e-006 -7.5883602e+001  8.5671272e+000
  1.4050000e-006 -7.6436363e+001  8.6615160e+000
  1.4100000e-006 -7.6990018e+001  8.7556057e+000
  1.4150000e-006 -7.7544597e+001  8.8493374e+000
  1.4200000e-006 -7.8100135e+001  8.9426539e+000
  1.4250000e-006 -7.8656672e+001  9.0354998e+000
  1.4300000e-006 -7.9214250e+001  9.1278217e+000
  1.4350000e-006 -7.9772916e+001  9.2195690e+000
  1.4400000e-006 -8.0332721e+001  9.3106935e+000
  1.4450000e-006 -8.0893717e+001  9.4011503e+000
  1.4500000e-006 -8.1455962e+001  9.4908980e+000
  1.4550000e-006 -8.2019517e+001  9.5798986e+000
  1.4600000e-006 -8.2584443e+001  9.6681182e+000
  1.4650000e-006 -8.3150805e+001  9.7555268e+000
  1.4700000e-006 -8.3718670e+001  9.8420989e+000
  1.4750000e-006 -8.4288106e+001  9.9278133e+000
  1.4800000e-006 -8.4859184e+001  1.0012653e+001
  1.4850000e-006 -8.5431973e+001  1.0096607e+001
  1.4900000e-006 -8.6006544e+001  1.0179666e+001
  1.4950000e-006 -8.6582970e+001  1.0261829e+001
  1.5000000e-006 -8.7161321e+001  1.0343097e+001
  1.5050000e-006 -8.7741667e+001  1.0423476e+001
  1.5100000e-006 -8.8324077e+001  1.0502977e+001
  1.5150000e-006 -8.8908621e+001  1.0581616e+001
  1.5200000e-006 -8.9495365e+001  1.0659412e+001
  1.5250000e-006 -9.0084373e+001  1.0736387e+001
  1.5300000e-006 -9.0675708e+001  1.0812570e+001
  1.5350000e-006 -9.1269431e+001  1.0887990e+001
  1.5400000e-006 -9.1865599e+001  1.0962681e+001
  1.5450000e-006 -9.2464267e+001  1.1036680e+001
  1.5500000e-006 -9.3065486e+001  1.1110027e+001
  1.5550000e-006 -9.3669307e+001  1.1182764e+001
  1.5600000e-006 -9.4275773e+001  1.1254934e+001
  1.5650000e-006 -9.4884927e+001  1.1326585e+001
  1.5700000e-006 -9.5496809e+001  1.1397764e+001
  1.5750000e-006 -9.6111454e+001  1.1468520e+001
  1.5800000e-006 -9.6728893e+001  1.1538903e+001
  1.5850000e-006 -9.7349157e+001  1.1608965e+001
  1.5900000e-006 -9.7972270e+001  1.1678756e+001
  1.5950000e-006 -9.8598254e+001  1.1748330e+001
  1.6000000e-006 -9.9227129e+001  1.1817737e+001
  1.6050000e-006 -9.9858910e+001  1.1887029e+001
  1.6100000e-006 -1.0049361e+002  1.1956259e+001
  1.6150000e-006 -1.0113124e+002  1.2025478e+001
  1.6200000e-006 -1.0177181e+002  1.2094735e+001
  1.6250000e-006 -1.0241532e+002  1.2164081e+001
  1.6300000e-006 -1.0306177e+002  1.2233563e+001
  1.6350000e-006 -1.0371117e+002  1.2303231e+001
  1.6400000e-006 -1.0436351e+002  1.2373129e+001
  1.6450000e-006 -1.0501878e+002  1.2443305e+001
  1.6500000e-006 -1.0567699e+002  1.2513800e+001
  1.6550000e-006 -1.0633812e+002  1.2584659e+001
  1.6600000e-006 -1.0700216e+002  1.2655921e+001
  1.6650000e-006 -1.0766911e+002  1.2727627e+001
  1.6700000e-006 -1.0833895e+002  1.2799816e+001
  1.6750000e-006 -1.0901166e+002  1.2872522e+001
  1.6800000e-006 -1.0968724e+002  1.2945783e+001
  1.6850000e-006 -1.1036566e+002  1.3019631e+001
  1.6900000e-006 -1.1104691e+002  1.3094098e+001
  1.6950000e-006 -1.1173098e+002  1.3169216e+001
  1.7000000e-006 -1.1241784e+002  1.3245014e+001
  1.7050000e-006 -1.1310748e+002  1.3321519e+001
  1.7100000e-006 -1.1379987e+002  1.3398758e+001
  1.7150000e-006 -1.1449501e+002  1.3476755e+001
  1.7200000e-006 -1.1519286e+002  1.3555536e+001
  1.7250000e-006 -1.1589342e+002  1.3635122e+001
  1.7300000e-006 -1.1659665e+002  1.3715535e+001
  1.7350000e-006 -1.1730255e+002  1.3796794e+001
  1.7400000e-006 -1.1801108e+002  1.3878919e+001
  1.7450000e-006 -1.1872223e+002  1.3961927e+001
  1.7500000e-006 -1.1943599e+002  1.4045836e+001
  1.7550000e-006 -1.2015232e+002  1.4130661e+001
  1.7600000e-006 -1.2087122e+002  1.4216416e+001
  1.7650000e-006 -1.2159266e+002  1.4303117e+001
  1.7700000e-006 -1.2231662e+002  1.4390776e+001
  1.7750000e-006 -1.2304308e+002  1.4479405e+001
  1.7800000e-006 -1.2377203e+002  1.4569015e+001
  1.7850000e-006 -1.2450344e+002  1.4659619e+001
  1.7900000e-006 -1.2523730e+002  1.4751225e+001
  1.7950000e-006 -1.2597360e+002  1.4843843e+001
  1.8000000e-006 -1.2671230e+002  1.4937483e+001
  1.8050000e-006 -1.2745340e+002  1.5032151e+001
  1.8100000e-006 -1.2819687e+002  1.5127856e+001
  1.8150000e-006 -1.2894271e+002  1.5224606e+001
  1.8200000e-006 -1.2969089e+002  1.5322407e+001
  1.8250000e-006 -1.3044140e+002  1.5421265e+001
  1.8300000e-006 -1.3119422e+002  1.5521186e+001
  1.8350000e-006 -1.3194934e+002  1.5622176e+001
  1.8400000e-006 -1.3270674e+002  1.5724240e+001
  1.8450000e-006 -1.3346641e+002  1.5827382e+001
  1.8500000e-006 -1.3422833e+002  1.5931608e+001
  1.8550000e-006 -1.3499248e+002  1.6036922e+001
  1.8600000e-006 -1.3575887e+002  1.6143328e+001
  1.8650000e-006 -1.3652746e+002  1.6250829e+001
  1.8700000e-006 -1.3729825e+002  1.6359429e+001
  1.8750000e-006 -1.3807122e+002  1.6469131e+001
  1.8800000e-006 -1.3884637e+002  1.6579940e+001
  1.8850000e-006 -1.3962367e+002  1.6691856e+001
  1.8900000e-006 -1.4040312e+002  1.6804885e+001
  1.8950000e-006 -1.4118471e+002  1.6919028e+001
  1.9000000e-006 -1.4196841e+002  1.7034288e+001
  1.9050000e-006 -1.4275423e+002  1.7150667e+001
  1.9100000e-006 -1.4354214e+002  1.7268168e+001
  1.9150000e-006 -1.4433215e+002  1.7386793e+001
  1.9200000e-006 -1.4512422e+002  1.7506545e+001
  1.9250000e-006 -1.4591837e+002  1.7627425e+001
  1.9300000e-006 -1.4671457e+002  1.7749436e+001
  1.9350000e-006 -1.4751281e+002  1.7872580e+001
  1.9400000e-006 -1.4831309e+002  1.7996858e+001
  1.9450000e-006 -1.4911539e+002  1.8122273e+001
  1.9500000e-006 -1.4991970e+002  1.8248827e+001
  1.9550000e-006 -1.5072602e+002  1.8376521e+001
  1.9600000e-006 -1.5153433e+002  1.8505357e+001
  1.9650000e-006 -1.5234462e+002  1.8635337e+001
  1.9700000e-006 -1.5315689e+002  1.8766464e+001
  1.9750000e-006 -1.5397113e+002  1.8898738e+001
  1.9800000e-006 -1.5478731e+002  1.9032161e+001
  1.9850000e-006 -1.5560544e+002  1.9166736e+001
  1.9900000e-006 -1.5642551e+002  1.9302463e+001
  1.9950000e-006 -1.5724751e+002  1.9439345e+001
  2.0000000e-006 -1.5807142e+002  1.9577384e+001
